'File': The Busy Life of the Sloth  BBC Earth__.txt
'Polarity': 0.01442499317499317
'Subjectivity': 0.5323573573573576