'File': Suzume Dub Trailer (2023)_parallel__.txt
'Polarity': 0.10767195767195767
'Subjectivity': 0.5113756613756614