'File': Black Holes Explained_parallel__.txt
'Polarity': 0.09753599114064232
'Subjectivity': 0.6040605389442599