'File': THE NUN II  OFFICIAL TRAILER__.txt
'Polarity': -0.0023809523809523816
'Subjectivity': 0.255952380952381