'File': Phil Lemperts 2 minute Speech Demo__.txt
'Polarity': 0.04144736842105263
'Subjectivity': 0.5733333333333333