'File': The Pencils Tale - a story that everyone should hear_.txt
'Polarity': 0.29084928229665075
'Subjectivity': 0.5023923444976076