'File': You Die In 60 Seconds_parallel__.txt
'Polarity': 0.11666666666666667
'Subjectivity': 0.44666666666666666