'File': Meet Russell- exclusive clip from Disneys UP.txt
'Polarity': 0.3166666666666666
'Subjectivity': 0.3083333333333334